1 Maintain.ThrustApo 1211698.044553584 0.273232529378581 
2 Maintain.ThrustApo 2118172.958952649 0.273232529378581 
3 Maintain.ThrustApo 2957713.928752066 0.273232529378581 
4 Maintain.ThrustApo 3748992.052780686 0.273232529378581 
5 Maintain.ThrustApo 4506011.632990332 0.273232529378581 
6 Maintain.ThrustApo 5242911.248103526 0.273232529378581 
7 Maintain.ThrustApo 5918618.87225207 0.273232529378581 
8 Maintain.ThrustApo 6531340.633872325 0.273232529378581 
9 Maintain.ThrustApo 7132364.296803976 0.273232529378581 
10 Maintain.ThrustApo 7767985.593938816 0.273232529378581 
11 Maintain.ThrustApo 8363065.562876211 0.273232529378581 
12 Maintain.ThrustApo 8952838.374897942 0.273232529378581 
13 Maintain.ThrustApo 9548445.201607456 0.273232529378581 
14 Maintain.ThrustApo 10155519.89312168 0.273232529378581 
15 Maintain.ThrustApo 10831492.205568343 0.273232529378581 
16 Maintain.ThrustApo 11523729.994434137 0.273232529378581 
17 Maintain.ThrustApo 12330868.972462729 0.273232529378581 
